# h logA n_s omega_b omega_cdm tau_reio A_planck calib_100T calib_217T A_cib_217 xi_sz_cib A_sz ksz_norm gal545_A_100 gal545_A_143 gal545_A_143_217 gal545_A_217 ps_A_100_100 ps_A_143_143 ps_A_143_217 ps_A_217_217 galf_TE_A_100 galf_TE_A_100_143 galf_TE_A_100_217 galf_TE_A_143 galf_TE_A_143_217 galf_TE_A_217
2.036594647234386756e-05 4.575366574661686403e-06 9.940087530976466569e-06 3.909939756463830205e-07 -4.281927246681361327e-06 6.479924537391771332e-06 5.344550243997732250e-07 5.379386875321970342e-08 -3.927312086062057554e-09 -3.449656240219245483e-04 2.243995015352586622e-06 8.381243857544491227e-05 8.223779006840111557e-05 -2.408917913300189493e-05 -8.875270812624550052e-05 -1.672758498725507119e-04 -9.980000349083483196e-05 -1.205740498902597036e-03 -3.141438597242049522e-03 -2.508790250915052082e-03 -1.773015840623846104e-03 -7.944741098201443217e-06 -6.869924307860657522e-07 -4.468322736008337720e-06 -4.772176957655580605e-06 -7.219749645072060563e-06 -5.610715860904664240e-05
4.575366574661686403e-06 2.373297851235612070e-04 4.629339938531256219e-06 2.668783589393660410e-07 -5.746707877124511575e-07 1.068586621885998919e-04 1.068148789238236999e-05 9.781170400477862992e-08 -2.685862697651834291e-07 -8.120823426988752619e-03 7.105515972369365221e-05 1.049864699722158432e-03 -2.500172404132737849e-03 -3.929885209019846719e-04 -1.040211849202821431e-03 -2.351602258245850431e-04 5.646158470375224961e-03 -2.005139754429681800e-02 -8.311262130446120736e-03 9.239817575501957933e-04 1.224886477215147117e-02 -1.333166309037499919e-06 -9.382574156425859812e-06 1.658951502778335357e-06 -1.380676914712412727e-05 -1.446070719002612199e-05 -1.905322725894031960e-05
9.940087530976466569e-06 4.629339938531256219e-06 1.382889293496002275e-05 1.594246411464346667e-07 -2.224827734052721326e-06 5.317061102615253413e-06 4.082261005861822533e-07 -4.019541844891759329e-08 -6.932336951084998426e-08 -3.976331705687970348e-03 9.999270213534047042e-05 6.246612222498056782e-04 -1.698448773518728208e-03 3.171328789644233524e-04 -3.446143873743432460e-04 -3.772110195355463753e-04 1.030070243673810847e-03 -1.815780373803537254e-02 -5.582374551149109181e-03 1.006926761653137697e-03 4.048742457873233391e-03 -3.328732197249684354e-06 -1.123619471979201784e-06 -4.149067952231669451e-07 -6.097296888955189510e-06 2.836400391991815974e-07 6.139731852103973065e-06
3.909939756463830205e-07 2.668783589393660410e-07 1.594246411464346667e-07 1.816556393001459623e-08 -5.862157949715422446e-08 1.489597799826120294e-07 1.530175254547149386e-08 4.191679478904148131e-09 -2.488436777475707264e-09 -6.222520139397775597e-05 8.840467762929459045e-07 1.602226896978232925e-05 -2.506882867330998584e-05 -8.150269977558763455e-07 -7.883601817068307621e-06 -1.135798669804562560e-05 4.741030901222586047e-06 -2.561644434840883969e-04 -1.893899293292915936e-04 -7.437594081585957671e-05 -1.046921706467696538e-05 -2.263576686261922750e-07 -8.426990496230564322e-08 -6.267184517407207888e-09 -9.822484698542758756e-08 -2.823177505497342761e-07 -1.911064142792363698e-06
-4.281927246681361327e-06 -5.746707877124511575e-07 -2.224827734052721326e-06 -5.862157949715422446e-08 1.011557835961218092e-06 -1.394117454702198911e-06 -1.182499024702242711e-07 -6.219409543527690548e-09 -3.454200602787963563e-09 -2.116209019618619120e-05 -9.424966424732978413e-07 2.463773514861423065e-06 -6.244331120658266465e-05 -5.412604590851880929e-06 1.442949659957587539e-05 3.154317958284502004e-05 4.668376230831466450e-05 -4.024740639293562301e-05 4.334815547926303939e-04 4.299662035434807317e-04 3.928934981575135654e-04 1.651026192327849911e-06 -7.833131321572499694e-08 8.027037376926621038e-07 8.915040197773934218e-07 1.303493575257106878e-06 1.078848012662036718e-05
6.479924537391771332e-06 1.068586621885998919e-04 5.317061102615253413e-06 1.489597799826120294e-07 -1.394117454702198911e-06 5.564395213345868724e-05 -5.702068017989839027e-07 -2.343204769313238719e-08 -9.778875726065357930e-08 -3.763008038948250419e-03 -7.783996918544639403e-07 4.644312636798551440e-04 -8.613595413192114787e-04 -1.062742449124555699e-04 -2.529351135141206055e-04 5.824200279538464695e-05 1.930327543353659286e-03 -1.025874240731763226e-02 -4.611746503581038749e-03 -1.198057362467426718e-03 3.262504312343155952e-03 -3.055530102044290020e-06 -4.816605703050582914e-06 1.735312799731611031e-06 -8.791770723696372083e-06 -4.398885585974398800e-06 -2.322872818360682235e-05
5.344550243997732250e-07 1.068148789238236999e-05 4.082261005861822533e-07 1.530175254547149386e-08 -1.182499024702242711e-07 -5.702068017989839027e-07 6.010389968908148186e-06 1.218663178468753223e-08 -2.769631439102557635e-08 6.205864184868017551e-04 1.766457813494323124e-05 6.728643685618424907e-05 4.886339644511415308e-05 9.967298160193272959e-05 5.374116327016796207e-06 6.506957597032374556e-05 8.234152014897631097e-04 2.470133592454131985e-03 5.503921396643466415e-05 3.961510002745399078e-04 8.215117054897689555e-04 2.415217016671178398e-07 1.906556546723323214e-07 -1.564637174695618376e-06 7.724631343292434101e-07 -3.501063122268692067e-06 5.605166548709110065e-06
5.379386875321970342e-08 9.781170400477862992e-08 -4.019541844891759329e-08 4.191679478904148131e-09 -6.219409543527690548e-09 -2.343204769313240374e-08 1.218663178468753223e-08 3.698711919287666984e-07 -4.073499818702018447e-09 -2.894298996388708421e-04 1.158929189524884650e-06 1.201164007450266133e-04 -8.427270636200641157e-05 1.804747585370086976e-04 -1.930288241303162729e-04 -1.820900979420287478e-05 1.472078317960871970e-04 3.654579971571022233e-03 6.521448512584130254e-05 4.206552362978726299e-04 5.786314273059970335e-04 1.612957622336663477e-08 -2.833195182620912874e-07 6.525954410387325797e-07 -1.148279360025120420e-07 2.582170458706644450e-07 -2.656070920474235789e-06
-3.927312086062057554e-09 -2.685862697651834291e-07 -6.932336951084998426e-08 -2.488436777475707264e-09 -3.454200602787963563e-09 -9.778875726065357930e-08 -2.769631439102557635e-08 -4.073499818702018447e-09 3.846777280183846297e-07 6.894556757187323293e-04 -4.134531471330222036e-06 -4.185746822057726207e-05 1.318671067284493914e-05 1.094783162309677570e-05 -4.966613137267715652e-05 3.860518130947147614e-04 9.270928622529161145e-04 4.540792351635464870e-04 8.675744359827143387e-05 -3.972263417490222372e-04 -1.300591053338458463e-03 -4.109313432450009868e-07 -1.449569402139730026e-07 4.442420695436225698e-07 -1.661868298807827827e-07 -2.523712566245008014e-07 -1.341592244416217828e-06
-3.449656240219244941e-04 -8.120823426988752619e-03 -3.976331705687970348e-03 -6.222520139397775597e-05 -2.116209019618619120e-05 -3.763008038948250419e-03 6.205864184868017551e-04 -2.894298996388708421e-04 6.894556757187323293e-04 4.468646761062329631e+01 -4.214215498356230771e-01 -8.504225398295143235e-01 -2.510424528876197825e-01 9.209057374810286634e-02 4.590760185273523586e-01 -5.944546531439021564e+00 -3.363008091044352454e+01 3.684892380964264191e+01 2.177561763062415334e+00 -1.364445773224807112e+01 -5.510377264452542079e+01 -1.890787045674282608e-03 1.374700783622636582e-03 5.511026030262517784e-03 2.073756928329367321e-03 2.763917897632046667e-03 -2.497898506282095893e-02
2.243995015352587045e-06 7.105515972369367932e-05 9.999270213534047042e-05 8.840467762929461162e-07 -9.424966424732983707e-07 -7.783996918544639403e-07 1.766457813494323124e-05 1.158929189524884862e-06 -4.134531471330221189e-06 -4.214215498356230771e-01 8.287900867643183123e-02 -4.283256347142921222e-02 5.099999704956379581e-02 -8.808148459036572661e-03 1.009142463537093110e-02 1.005093293881888783e-01 1.409323351937233904e-01 -6.700252121955549978e-01 8.960625875423603448e-01 1.740655919043001099e+00 6.844661754217288285e-01 -3.054972181657636724e-05 -1.284405288159066560e-04 -2.653424061982572217e-04 3.755569814973962770e-05 -4.161460493064680845e-04 -1.645821572407998119e-05
8.381243857544491227e-05 1.049864699722158432e-03 6.246612222498056782e-04 1.602226896978232925e-05 2.463773514861420947e-06 4.644312636798551440e-04 6.728643685618424907e-05 1.201164007450266133e-04 -4.185746822057726207e-05 -8.504225398295143235e-01 -4.283256347142921222e-02 3.740033241396752306e+00 -2.505509367098532447e+00 -1.974723041790518996e-01 7.771612108574851852e-02 2.558212214303411614e+00 3.249316889472646963e+00 -2.877272178360563970e+01 -3.233878267874055190e+00 7.183646843457670350e+00 5.004655145709227426e+00 3.002142417979595124e-04 5.432815291445383579e-04 -5.970054288767041775e-04 -6.194314989648977594e-04 -4.241793479564427011e-03 -3.579865732730393938e-03
8.223779006840111557e-05 -2.500172404132737849e-03 -1.698448773518728208e-03 -2.506882867330998584e-05 -6.244331120658266465e-05 -8.613595413192114787e-04 4.886339644511414630e-05 -8.427270636200641157e-05 1.318671067284494253e-05 -2.510424528876198380e-01 5.099999704956380275e-02 -2.505509367098532447e+00 5.447340869145052444e+00 1.665421139832190811e-01 -1.674892286921708384e-01 -1.921927638347412204e+00 -2.125838111443221656e+00 1.188131754317748445e+01 -4.448351892611511538e+00 -1.063783444679561718e+01 -8.287072952375828194e+00 -2.169487871314017627e-04 -1.359600480078529752e-03 -6.701877134739866364e-04 -5.516592478303785317e-04 -6.004395590076817531e-04 -1.156172284776164558e-02
-2.408917913300189493e-05 -3.929885209019845635e-04 3.171328789644233524e-04 -8.150269977558763455e-07 -5.412604590851880929e-06 -1.062742449124555699e-04 9.967298160193271603e-05 1.804747585370086976e-04 1.094783162309677570e-05 9.209057374810286634e-02 -8.808148459036574396e-03 -1.974723041790518718e-01 1.665421139832190811e-01 3.353022248743107614e+00 5.135035543901086408e-01 1.422538309395011968e-01 2.358448889843381413e-01 -5.988569829411068746e+00 -5.751979222900706068e-01 -9.259622313718121056e-01 -6.222480406130118658e-01 -6.055889305146609867e-04 -4.756044856798641329e-04 7.826160059246893173e-04 7.430726013840178914e-04 7.239365178246395067e-04 -1.117302638824759506e-03
-8.875270812624550052e-05 -1.040211849202821431e-03 -3.446143873743432460e-04 -7.883601817068307621e-06 1.442949659957587369e-05 -2.529351135141204971e-04 5.374116327016796207e-06 -1.930288241303162729e-04 -4.966613137267715652e-05 4.590760185273523586e-01 1.009142463537093110e-02 7.771612108574850464e-02 -1.674892286921708384e-01 5.135035543901086408e-01 3.164362018663651632e+00 2.709394457584598292e+00 2.774388309442948231e+00 6.058854200472603146e+00 -1.126789732302525548e+00 -7.984864034723120341e-01 -1.144241490932494942e+00 3.462209930858350037e-05 -4.430817325633953701e-04 -2.670723596394303581e-03 6.151960413936426739e-04 3.362112950495480933e-03 -1.803069786594841805e-03
-1.672758498725507119e-04 -2.351602258245850431e-04 -3.772110195355463753e-04 -1.135798669804562899e-05 3.154317958284502004e-05 5.824200279538464695e-05 6.506957597032374556e-05 -1.820900979420286801e-05 3.860518130947147614e-04 -5.944546531439021564e+00 1.005093293881888644e-01 2.558212214303411614e+00 -1.921927638347412204e+00 1.422538309395011968e-01 2.709394457584598292e+00 1.067776259363148128e+01 1.926809679555999111e+01 -1.241450612561853362e+01 3.105000281603931267e+00 4.556079103426839971e+00 5.322543963783074261e+00 -5.629662497490199981e-04 -4.648468745155129441e-04 -8.236600598930800959e-03 -5.327325151402306650e-04 -3.489135184038979999e-04 5.292207981532586272e-03
-9.980000349083483196e-05 5.646158470375224961e-03 1.030070243673810847e-03 4.741030901222586047e-06 4.668376230831466450e-05 1.930327543353659286e-03 8.234152014897631097e-04 1.472078317960871970e-04 9.270928622529161145e-04 -3.363008091044352454e+01 1.409323351937233904e-01 3.249316889472646963e+00 -2.125838111443221656e+00 2.358448889843381413e-01 2.774388309442948231e+00 1.926809679555999111e+01 5.401861676459240158e+01 -2.575384331846607822e+01 3.264389744724880860e+00 7.967210881764610342e+00 3.330457999403623148e+01 -3.466769181300329646e-04 -1.934106037711975576e-03 -1.183202997679857864e-02 -1.214272412464318090e-03 -2.515287474612583774e-03 2.534385455826967948e-02
-1.205740498902597036e-03 -2.005139754429681800e-02 -1.815780373803537254e-02 -2.561644434840883969e-04 -4.024740639293562301e-05 -1.025874240731763226e-02 2.470133592454131985e-03 3.654579971571022233e-03 4.540792351635464870e-04 3.684892380964264191e+01 -6.700252121955548867e-01 -2.877272178360563970e+01 1.188131754317748445e+01 -5.988569829411068746e+00 6.058854200472603146e+00 -1.241450612561853717e+01 -2.575384331846607822e+01 7.545937026798706029e+02 6.616886469615094768e+01 -5.281495906394750506e+01 -5.940960158442330652e+01 -6.564006032997764944e-03 -6.176785981044435533e-03 4.406372721344491844e-02 1.374664938599338623e-02 5.231956330065575672e-02 2.315951885768684909e-02
-3.141438597242049522e-03 -8.311262130446120736e-03 -5.582374551149109181e-03 -1.893899293292915936e-04 4.334815547926303939e-04 -4.611746503581038749e-03 5.503921396643467092e-05 6.521448512584130254e-05 8.675744359827143387e-05 2.177561763062415334e+00 8.960625875423603448e-01 -3.233878267874055190e+00 -4.448351892611511538e+00 -5.751979222900706068e-01 -1.126789732302525548e+00 3.105000281603931267e+00 3.264389744724880860e+00 6.616886469615094768e+01 5.816271474644904771e+01 3.843687889919187484e+01 1.305693660043638715e+01 -2.673413762628761275e-03 2.193993825111780968e-03 -8.103477609520619296e-03 8.513599300259173594e-03 -5.979641877316637473e-04 1.253376890526891087e-02
-2.508790250915052082e-03 9.239817575501957933e-04 1.006926761653137697e-03 -7.437594081585957671e-05 4.299662035434807317e-04 -1.198057362467426718e-03 3.961510002745397994e-04 4.206552362978726299e-04 -3.972263417490222372e-04 -1.364445773224807112e+01 1.740655919043001099e+00 7.183646843457670350e+00 -1.063783444679561718e+01 -9.259622313718121056e-01 -7.984864034723120341e-01 4.556079103426839971e+00 7.967210881764610342e+00 -5.281495906394750506e+01 3.843687889919187484e+01 8.368692096723592044e+01 5.170813084481694943e+01 2.584911491438594421e-04 1.994994420785705692e-03 -3.055159759914177157e-03 7.543403077540617764e-03 -1.439026315392185305e-02 1.925950559173802978e-02
-1.773015840623846104e-03 1.224886477215147117e-02 4.048742457873233391e-03 -1.046921706467696538e-05 3.928934981575135654e-04 3.262504312343155952e-03 8.215117054897689555e-04 5.786314273059970335e-04 -1.300591053338458463e-03 -5.510377264452542079e+01 6.844661754217288285e-01 5.004655145709227426e+00 -8.287072952375828194e+00 -6.222480406130117547e-01 -1.144241490932494942e+00 5.322543963783074261e+00 3.330457999403623148e+01 -5.940960158442330652e+01 1.305693660043638715e+01 5.170813084481694943e+01 1.017722007763706671e+02 4.439036799290038172e-03 2.888578222104310790e-03 -5.580719278090738415e-03 2.743222459210256647e-03 -4.179653249857888907e-03 5.061309486900835569e-02
-7.944741098201444911e-06 -1.333166309037501613e-06 -3.328732197249684777e-06 -2.263576686261922486e-07 1.651026192327850123e-06 -3.055530102044290020e-06 2.415217016671175751e-07 1.612957622336666786e-08 -4.109313432450009868e-07 -1.890787045674282825e-03 -3.054972181657635369e-05 3.002142417979595666e-04 -2.169487871314014374e-04 -6.055889305146609867e-04 3.462209930858353425e-05 -5.629662497490202150e-04 -3.466769181300325851e-04 -6.564006032997764944e-03 -2.673413762628759974e-03 2.584911491438599842e-04 4.439036799290039907e-03 1.470739737075300955e-03 2.616807015664921582e-04 1.205417865062475912e-04 -3.794111146702429361e-04 -5.218634571532728116e-05 4.130161524591132908e-05
-6.869924307860660698e-07 -9.382574156425859812e-06 -1.123619471979201784e-06 -8.426990496230564322e-08 -7.833131321572499694e-08 -4.816605703050582914e-06 1.906556546723323214e-07 -2.833195182620913933e-07 -1.449569402139729497e-07 1.374700783622636582e-03 -1.284405288159066560e-04 5.432815291445383579e-04 -1.359600480078529752e-03 -4.756044856798641329e-04 -4.430817325633954785e-04 -4.648468745155130526e-04 -1.934106037711975576e-03 -6.176785981044435533e-03 2.193993825111780968e-03 1.994994420785706560e-03 2.888578222104310790e-03 2.616807015664921582e-04 8.532194359472380571e-04 6.392661923679488151e-05 7.146254614392635179e-04 8.267236793242099140e-05 -5.355524905838403814e-04
-4.468322736008337720e-06 1.658951502778336416e-06 -4.149067952231669451e-07 -6.267184517407207888e-09 8.027037376926621038e-07 1.735312799731612090e-06 -1.564637174695618376e-06 6.525954410387325797e-07 4.442420695436225698e-07 5.511026030262517784e-03 -2.653424061982572217e-04 -5.970054288767037438e-04 -6.701877134739866364e-04 7.826160059246894257e-04 -2.670723596394303581e-03 -8.236600598930800959e-03 -1.183202997679857864e-02 4.406372721344491844e-02 -8.103477609520619296e-03 -3.055159759914176723e-03 -5.580719278090738415e-03 1.205417865062475912e-04 6.392661923679488151e-05 7.295570602757104131e-03 -2.917889666503405751e-04 6.457898775717582293e-04 4.403878129666428595e-03
-4.772176957655580605e-06 -1.380676914712412727e-05 -6.097296888955189510e-06 -9.822484698542758756e-08 8.915040197773934218e-07 -8.791770723696370389e-06 7.724631343292433043e-07 -1.148279360025120420e-07 -1.661868298807828356e-07 2.073756928329366454e-03 3.755569814973962770e-05 -6.194314989648976510e-04 -5.516592478303787486e-04 7.430726013840178914e-04 6.151960413936426739e-04 -5.327325151402310987e-04 -1.214272412464318307e-03 1.374664938599338450e-02 8.513599300259173594e-03 7.543403077540617764e-03 2.743222459210256647e-03 -3.794111146702429361e-04 7.146254614392635179e-04 -2.917889666503405751e-04 2.843063013197791224e-03 5.183788456451527554e-04 -9.494115482336037450e-04
-7.219749645072060563e-06 -1.446070719002612199e-05 2.836400391991810680e-07 -2.823177505497342761e-07 1.303493575257106666e-06 -4.398885585974398800e-06 -3.501063122268692067e-06 2.582170458706643391e-07 -2.523712566245008014e-07 2.763917897632046233e-03 -4.161460493064680303e-04 -4.241793479564426143e-03 -6.004395590076818615e-04 7.239365178246395067e-04 3.362112950495480933e-03 -3.489135184038979999e-04 -2.515287474612583774e-03 5.231956330065575672e-02 -5.979641877316637473e-04 -1.439026315392185826e-02 -4.179653249857888907e-03 -5.218634571532728116e-05 8.267236793242099140e-05 6.457898775717582293e-04 5.183788456451527554e-04 6.304207872102800606e-03 7.744870054815853298e-03
-5.610715860904664240e-05 -1.905322725894032299e-05 6.139731852103973065e-06 -1.911064142792363698e-06 1.078848012662036718e-05 -2.322872818360682235e-05 5.605166548709110065e-06 -2.656070920474235789e-06 -1.341592244416217616e-06 -2.497898506282095893e-02 -1.645821572407978807e-05 -3.579865732730393504e-03 -1.156172284776164558e-02 -1.117302638824759073e-03 -1.803069786594841805e-03 5.292207981532586272e-03 2.534385455826967601e-02 2.315951885768684909e-02 1.253376890526890740e-02 1.925950559173802978e-02 5.061309486900835569e-02 4.130161524591132908e-05 -5.355524905838403814e-04 4.403878129666428595e-03 -9.494115482336038534e-04 7.744870054815853298e-03 7.129621854993233032e-02
